((("baljaiobjet" .
   [0 0 0 2 0 0 0 0 0 0 0])
  ("objectsBalaji" .
   [0 0 1 0 0 0 0 0 0 0 0 0 0])
  ("arg" .
   [1 0 0])
  ("~/netbeans-7.1.2/bin/netbeans" .
   [0 0 0 0 0 0 0 0 0 0 0 0 0 0 0 0 0 0 0 0 0 1 0 0 0 0 0 0 0])
  ("~/netbeans-7.1.2/bin/" .
   [0 0 0 0 0 0 0 0 0 0 0 0 0 0 0 0 0 0 0 1 0])
  ("~/netbeans-7.1.2/" .
   [0 0 0 0 1 0 0 0 0 0 0 0 0 0 0 0 0])
  ("main" .
   [3 0 0 0])
  ("CFLAGS" .
   [0 0 3 0 0 0])
  ("clean" .
   [1 0 0 0 1])
  ("objects" .
   [0 0 3 3 1 0 0])
  ("gtrg" .
   [1 0 0 0])
  ("screen-width" .
   [0 0 0 0 1 0 0 0 0 0 0 0])
  ("zip" .
   [1 0 0])
  ("f10" .
   [1 0 0])
  ("eshell-command" .
   [0 0 0 0 0 0 0 0 1 0 0 0 0 0])
  ("begin" .
   [1 0 0 0 0])
  ("numb" .
   [2 0 0 2])
  ("unsigned" .
   [2 0 0 0 0 0 0 0])
  ("vector" .
   [0 0 0 1 0 0])
  ("MAX" .
   [1 0 0])
  ("myints" .
   [2 0 6 0 0 0])
  ("floppy" .
   [0 0 0 0 0 1])
  ("auto" .
   [1 0 0 0])
  ("r" .
   [1])
  ("env_run" .
   [1 0 0 0 0 0 0])
  ("ENV_RUNNING" .
   [0 0 0 0 1 0 0 0 0 0 0])
  ("env_status" .
   [0 0 0 0 0 0 1 0 0 0])
  ("curenv" .
   [0 0 1 0 0 1])
  ("starting" .
   [0 0 0 0 0 1 0 0])
  ("cprintf" .
   [0 0 0 2 0 0 0])
  ("obj/fs/fs.img" .
   [1 0 2 0 0 0 0 1 0 0 0 0 0])
  ("runtest2" .
   [1 0 0 0 0 0 0 0])
  ("QEMU" .
   [1 0 0 0])
  ("version" .
   [0 0 0 1 0 0 0])
  ("verbose" .
   [0 0 0 0 0 1 0])
  ("10" .
   [1 0])
  ("env_free_list" .
   [0 0 0 0 0 1 0 0 0 0 0 0 0])
  ("envid" .
   [0 0 1 0 0])
  ("NENV" .
   [0 0 0 1])
  ("TEST" .
   [1 0 0 0])
  ("ENV_CREATE" .
   [0 0 0 0 0 0 1 0 0 0])
  ("E_NO_MEM" .
   [0 0 1 0 0 0 0 0])
  ("PDX" .
   [2 0 1])
  ("perm" .
   [2 0 0 0])
  ("page2pa" .
   [0 0 0 0 0 2 0])
  ("page_remove" .
   [0 0 0 1 0 0 0 0 0 0 0])
  ("PTE_P" .
   [1 0 1 3 0])
  ("pp_ref" .
   [1 0 0 2 0 1])
  ("pgdir" .
   [2 0 1 2 2])
  ("pgdir_walk" .
   [0 0 0 2 0 0 0 0 0 0])
  ("pte" .
   [6 0 0])
  ("pte_t" .
   [1 0 1 1 1])
  ("panic" .
   [1 0 0 0 0])
  ("0:100" .
   [1 0 0 0 0])
  ("yrange" .
   [1 0 0 0 0 0])
  ("/home/guest/" .
   [0 0 0 0 0 0 1 0 0 0 0 0])
  ("/home/" .
   [0 1 10 1 0 1])
  ("commit" .
   [0 0 0 0 0 1])
  ("git" .
   [2 0 0])
  ("a->" .
   [2 0 0])
  ("isEqual2" .
   [0 0 1 0 0 0 0 0])
  ("Flase" .
   [0 0 0 1 0])
  ("isEqual" .
   [0 0 0 2 1 0 1])
  ("BasicEq" .
   [0 0 1 0 0 0 0])
  ("stringEq" .
   [0 0 0 4 0 0 0 0])
  ("equality" .
   [1 0 0 0 0 0 0 0])
  ("undefined" .
   [0 0 0 0 2 2 1 0 0])
  ("string" .
   [1 0 0 1 0 0])
  ("Doc" .
   [11 0 0])
  ("toUpper" .
   [0 0 1 0 0 0 0])
  ("isNull" .
   [0 0 0 1 0 0])
  ("JString" .
   [0 0 1 0 0 0 0])
  ("getString" .
   [0 0 2 1 1 0 0 0 0])
  ("~/Downloads/git-cheat-sheet-large.png" .
   [0 0 0 0 0 0 0 0 0 0 0 0 0 1 0 0 0 0 0 0 0 0 0 0 0 0 0 0 0 0 0 0 0 0 0 0 0])
  ("~/Downloads/" .
   [0 0 0 0 0 1 0 0 0 0 0 0])
  ("JValue" .
   [0 0 0 5 0 0])
  ("SimpleJSON" .
   [0 0 1 0 0 0 1 0 0 0])
  ("words" .
   [0 0 1 0 0])
  ("DLT_" .
   [0 0 1 0])
  ("define" .
   [0 0 1 0 0 0])
  ("secondWord" .
   [0 0 3 1 0 0 0 0 0 0])
  ("isPrefixOf" .
   [0 0 0 2 0 0 0 0 0 1])
  ("dlts" .
   [2 0 1 0])
  ("gel" .
   [5 0 0])
  ("con" .
   [6 0 0])
  ("foldr" .
   [1 0 0 1 1])
  ("Foldr" .
   [2 0 0 1 0])
  ("Fold" .
   [0 0 0 1])
  ("webattery" .
   [0 0 0 1 0 0 0 0 0])
  ("elem" .
   [1 0 0 0])
  ("equal" .
   [1 0 0 0 0])
  ("niceSum" .
   [0 0 3 0 0 0 0])
  ("square" .
   [0 0 1 3 0 2])
  ("Double" .
   [0 0 5 1 1 0])
  ("odd" .
   [2 0 0])
  ("oddList" .
   [0 0 1 1 1 0 6])
  ("myMap" .
   [1 0 4 3 0])
  ("digitToInt" .
   [0 0 1 2 0 0 0 0 0 0])
  ("safeInit" .
   [1 0 0 0 0 0 0 0])
  ("safeHead" .
   [0 0 2 0 0 0 0 0])
  ("<-" .
   [1 0])
  ("isLineTerminator" .
   [0 0 0 1 0 0 0 0 0 0 0 0 0 0 0 0])
  ("rest" .
   [0 0 1 4])
  ("suf" .
   [1 0 0])
  ("splitLines" .
   [0 0 1 4 0 0 0 0 0 1])
  ("SplitLines" .
   [0 0 1 1 1 0 0 0 0 0])
  ("putStrLn" .
   [0 0 0 2 0 0 0 0])
  ("fout" .
   [2 0 0 0])
  ("myFunction" .
   [0 0 1 0 0 0 0 0 0 0])
  ("output" .
   [0 0 1 0 0 0])
  ("getArgs" .
   [0 0 1 1 0 1 0])
  ("mainWith" .
   [0 0 1 0 0 0 0 0])
  ("function" .
   [2 0 2 4 1 0 0 1])
  ("outputFile" .
   [0 0 2 0 0 0 0 0 0 0])
  ("inputFile" .
   [0 0 1 0 0 0 0 0 0])
  ("InteractWith" .
   [0 0 1 0 0 1 0 0 0 0 0 0])
  ("aliases" .
   [0 0 0 0 0 0 1])
  ("shell1" .
   [1 0 0 0 0 0])
  ("define-key" .
   [0 0 0 0 0 0 0 0 0 1])
  ("shell" .
   [1 0 0 1 1])
  ("f3" .
   [1 0])
  ("global-set-key" .
   [1 0 0 1 0 0 0 0 0 0 0 0 0 4])
  ("set" .
   [2 0 0])
  ("cntlm" .
   [0 0 0 0 1])
  ("rcnltm" .
   [0 0 0 1 0 0])
  ("/etc/cntlm.conf.room" .
   [0 0 0 0 0 0 0 0 0 0 0 0 0 0 0 0 0 0 0 1])
  ("/etc/cntlm.conf" .
   [0 0 0 0 0 0 0 2 0 0 0 0 0 0 0])
  ("/etc/cntlm.conf.lab" .
   [0 0 0 0 0 0 0 0 0 0 0 0 0 0 0 0 0 0 1])
  ("/etc/" .
   [0 0 1 1 0])
  ("</property>" .
   [0 0 0 0 0 0 1 0 0 0 0])
  ("<name>hadoop" .
   [0 0 0 1 1 0 0 0 0 0 0 0])
  ("<property>" .
   [0 0 0 0 0 0 0 1 0 0])
  ("/tmp/hadoop" .
   [0 0 0 0 0 0 0 0 0 0 1])
  ("export" .
   [1 0 0 1 1 0])
  ("input" .
   [4 0 1 1 3])
  ("value" .
   [1 0 0 0 0])
  ("print" .
   [10 0 0 0 0])
  ("opfile" .
   [0 0 1 0 0 0])
  ("scale" .
   [1 0 0 0 0])
  ("total_faults" .
   [0 0 0 0 0 0 0 1 0 0 0 0])
  ("minor" .
   [0 0 0 1 0])
  ("major" .
   [0 0 0 1 0])
  ("avg_faults" .
   [1 0 0 0 0 3 1 0 0 0])
  ("done" .
   [1 0 6 0])
  ("maxiter" .
   [0 0 0 3 0 0 0])
  ("-le" .
   [1 0 0])
  ("total_time" .
   [0 0 0 1 0 0 0 0 0 0])
  ("secs" .
   [1 0 0 0])
  ("file|tail" .
   [0 0 0 0 1 1 0 0 0])
  ("-n1" .
   [2 0 1])
  ("avg_time" .
   [1 0 0 1 1 0 0 3])
  ("avg" .
   [1 0 0])
  ("result" .
   [0 0 0 1 0 0])
  ("-f1" .
   [1 0 0])
  ("iter" .
   [1 0 0 0])
  ("file" .
   [3 0 0 1])
  ("fifo" .
   [2 0 0 0])
  ("file|cut" .
   [1 0 0 0 1 0 0 1])
  ("mem" .
   [2 0 0])
  ("cut" .
   [2 0 0])
  ("pol" .
   [2 0 0])
  ("sshpass" .
   [1 0 0 0 0 0 0])
  ("ssh" .
   [1 0 0])
  ("no_of" .
   [0 0 1 0 0])
  ("Starts" .
   [0 0 0 1 0 0])
  ("size" .
   [0 0 0 1])
  ("max" .
   [4 0 0])
  ("10000" .
   [2 0 0 0 0])
  ("/////////////////////////////////////////////////////////////////////////////////////////////////////////bin/cp" .
   [0 0 0 0 0 0 0 0 0 0 0 0 0 0 0 0 0 0 0 0 0 0 0 0 0 0 0 0 0 0 0 0 0 0 0 0 0 0 0 0 0 0 0 0 0 0 0 0 0 0 0 0 0 0 0 0 0 0 0 0 0 0 0 0 0 0 0 0 0 0 0 0 0 0 0 0 0 0 0 0 0 0 0 0 0 0 0 0 0 0 0 0 0 0 0 0 0 0 0 0 0 0 0 0 0 0 0 0 0 1 0])
  ("/////////////////////////////////////////////////////////////////////////////////////////////////////////bin/" .
   [0 0 0 0 0 0 0 0 0 0 0 0 0 0 0 0 0 0 0 0 0 0 0 0 0 0 0 0 0 0 0 0 0 0 0 0 0 0 0 0 0 0 0 0 0 0 0 0 0 0 0 0 0 0 0 0 0 0 0 0 0 0 0 0 0 0 0 0 0 0 0 0 0 0 0 0 0 0 0 0 0 0 0 0 0 0 0 0 0 0 0 0 0 0 0 0 0 0 0 0 0 0 0 0 0 1 0 0 0])
  ("WDRR" .
   [1 0 0 0])
  ("//bin/cp" .
   [0 0 0 0 0 0 1 0])
  ("argv" .
   [1 0 0 0])
  ("fopen" .
   [1 0 0 0 0])
  ("FILE" .
   [1 0 0 0])
  ("empty_all" .
   [1 0 0 0 0 0 2 0 0])
  ("bool" .
   [2 0 0 0])
  ("virt" .
   [3 0 0 0])
  ("sum" .
   [6 0 0])
  ("sent_length" .
   [0 0 3 2 0 0 0 0 0 0 8])
  ("gen_length" .
   [1 0 1 0 0 0 0 0 0 4])
  ("continue" .
   [5 0 0 0 0 0 0 0])
  ("finished" .
   [1 0 0 0 0 0 0 0])
  ("stop" .
   [4 0 0 0])
  ("ztry" .
   [0 0 0 1])
  ("xtry" .
   [0 0 0 1])
  ("ytry" .
   [0 0 2 0])
  ("sent" .
   [3 0 0 1])
  ("1000" .
   [6 0 0 0])
  ("exit" .
   [3 0 0 0])
  ("long" .
   [18 0 0 0])
  ("pthread_mutex_lock" .
   [1 0 0 1 1 0 0 0 0 0 0 0 0 0 0 0 2 0])
  ("next" .
   [1 0 0 0])
  ("true" .
   [5 0 0 2])
  ("small_tick" .
   [0 0 1 1 0 0 0 0 0 0])
  ("empty" .
   [2 0 4 4 2])
  ("sender" .
   [2 0 0 0 0 0])
  ("finish_number" .
   [1 0 0 1 1 0 0 0 0 0 0 0 0])
  ("pop" .
   [9 0 1])
  ("packet" .
   [0 0 0 0 0 1])
  ("end_time_fraction" .
   [0 0 0 1 1 0 0 0 0 0 0 0 0 0 0 0 0])
  ("lmax" .
   [2 0 0 1])
  ("c1" .
   [2 0])
  ("pgen_rate" .
   [0 0 0 0 0 2 0 0 0])
  ("main_scheduler_per_op_port_queues" .
   [0 0 0 0 1 0 0 0 0 0 0 0 0 0 0 0 0 0 0 0 0 0 0 0 0 0 0 0 0 0 0 0 0])
  ("new" .
   [5 0 0])
  ("buffer_capacity" .
   [0 0 1 0 0 0 0 1 0 0 0 0 0 0 0])
  ("total_simulation_time" .
   [1 0 0 3 0 0 1 0 0 0 0 0 0 0 0 0 0 0 0 0 4])
  ("decrement_buffer_usage" .
   [0 0 1 0 0 1 0 0 0 0 0 0 0 0 0 0 0 0 0 0 0 0])
  ("increment_buffer_usage" .
   [0 0 0 0 0 1 0 0 0 0 0 0 0 0 0 0 0 0 0 0 0 0])
  ("STOP" .
   [3 0 0 0])
  ("WAIT" .
   [3 0 1 0])
  ("NEXT_TICK" .
   [0 0 0 0 2 0 0 0 0])
  ("goto" .
   [12 0 0 0])
  ("min" .
   [3 0 0])
  ("delay" .
   [4 0 0 1 1])
  ("T" .
   [1])
  ("TIME" .
   [35 0 1 2])
  ("Get" .
   [3 0 0])
  ("generated_time" .
   [1 0 1 2 2 0 1 0 0 0 0 0 0 16])
  ("min_source_index" .
   [0 0 0 2 2 0 0 0 0 0 0 0 0 0 0 7])
  ("min_time" .
   [1 0 0 1 1 1 0 1])
  ("front" .
   [5 0 27 11 4])
  ("weight" .
   [2 0 9 3 1 2])
  ("total_weight" .
   [0 0 0 1 1 0 1 1 0 0 0 4])
  ("f" .
   [3])
  ("schedule" .
   [1 0 0 1 0 0 0 9])
  ("push_back" .
   [2 0 0 0 0 0 0 0 0])
  ("QUANTUM" .
   [1 0 5 1 0 0 0])
  ("scheduler" .
   [21 0 1 4 3 1 0 1 39])
  ("schedulers_packet_processing_capacity" .
   [0 0 5 8 0 0 0 0 0 2 9 0 0 0 0 0 0 0 0 0 0 0 0 0 0 0 0 0 0 0 0 0 0 0 0 0 7])
  ("REPEAT" .
   [4 0 0 0 0 0])
  ("false" .
   [9 0 0 0 0])
  ("else" .
   [11 0 0 3])
  ("if" .
   [27 0])
  ("number_of_sources" .
   [3 0 2 4 1 0 2 2 3 1 0 0 0 0 0 0 16])
  ("numbers" .
   [0 0 0 0 0 0 1])
  ("simulation_data" .
   [4 0 0 8 1 0 0 0 0 0 0 0 0 0 55])
  ("FLAG" .
   [4 0 0 2])
  ("in" .
   [2 0])
  ("fin" .
   [19 0 2])
  ("id" .
   [16 0])
  ("buffer_filled" .
   [0 0 2 1 0 0 0 1 0 0 2 0 5])
  ("packet_length" .
   [5 0 3 0 0 2 1 1 0 0 0 0 23])
  ("source_number" .
   [4 0 4 1 0 0 1 1 0 2 1 0 13])
  ("push" .
   [6 0 3 4])
  ("float" .
   [27 0 0 1 5])
  ("kbd" .
   [2 0 0])
  ("omething1" .
   [0 0 1 0 0 0 0 0 0])
  ("cout" .
   [83 0 0 0])
  ("bbb" .
   [1 0 0])
  ("class" .
   [3 0 0 0 0])
  ("say_something" .
   [0 0 1 1 0 0 0 1 0 0 0 0 1])
  ("source" .
   [16 0 3 2 1 33])
  ("source_data" .
   [5 0 0 2 1 1 1 1 0 0 4])
  ("std" .
   [2 0 0])
  ("endl" .
   [70 0 2 5])
  ("buffer" .
   [10 0 0 0 0 2])
  ("println" .
   [1 0 0 0 0 0 0])
  ("System" .
   [1 0 0 0 0 0])
  ("args" .
   [3 0 2 0])
  ("parseInt" .
   [1 0 1 0 0 0 0 0])
  ("Integer" .
   [3 0 1 0 0 0 0])
  ("myqueue" .
   [1 0 1 0 0 0 0])
  ("echo" .
   [31 0 0 0])
  ("flows" .
   [2 0 0 0 1])
  ("6.txt" .
   [0 0 2 0 0])
  ("5.txt" .
   [0 0 1 0 1])
  ("4.txt" .
   [1 0 1 0 0])
  ("3.txt" .
   [0 0 2 0 0])
  ("2.txt" .
   [0 0 2 0 0])
  ("1.txt" .
   [0 1 1 0 0])
  ("vm_next" .
   [1 0 0 1 0 0 0])
  ("vma" .
   [4 0 0])
  ("double" .
   [4 0 0 2 0 1])
  ("particle" .
   [0 0 1 0 0 0 0 0])
  ("vel_y" .
   [0 0 0 0 1])
  ("struct" .
   [6 0 1 2 2 7])
  ("return" .
   [4 0 0 6 5 9])
  ("kswapd" .
   [0 0 1 0 0 0])
  ("inline" .
   [1 0 0 0 0 0])
  ("prev" .
   [1 0 0 0])
  ("page" .
   [4 0 0 0])
  ("lru" .
   [1 0 0])
  ("virtualx" .
   [1 0 0 0 0 0 0 0])
  ("asm" .
   [1 0 0])
  ("page1" .
   [1 0 0 0 0])
  ("lru_add_drain" .
   [1 0 0 0 0 0 0 0 0 0 0 0 0])
  ("necessarily" .
   [0 0 0 0 0 0 0 0 1 0 0])
  ("try_pos_x" .
   [1 0 0 0 0 0 0 0 0])
  ("include" .
   [10 0 1 1 3 0 1])
  ("int" .
   [92 0 0])
  ("for" .
   [20 0 0])
  ("expr" .
   [3 0 0 0])
  ("time" .
   [10 0 0 4])
  ("NULL" .
   [1 0 3 0])
  ("queue" .
   [6 0 2 2 4])
  ("head" .
   [9 0 3 5])
  ("BUFFER_SIZE" .
   [2 0 0 0 1 0 1 0 0 0 0])
  ("1" .
   [3])
  ("i" .
   [5])
  ("p_lmax" .
   [0 0 1 0 0 0])
  ("p_lmin" .
   [0 0 0 2 0 0])
  ("packet_size" .
   [0 0 1 0 0 0 0 0 0 0 0])
  ("h" .
   [1])
  ("pthread" .
   [2 0 0 1 0 0 2])
  ("pthread_mutex_unlock" .
   [1 0 0 0 0 0 0 0 2 0 0 0 0 0 1 0 1 0 0 4])
  ("mutex1" .
   [1 0 1 0 0 11])
  ("usleep" .
   [10 0 0 0 0 1])
  ("1000000" .
   [2 0 0 0 0 0 0])
  ("while" .
   [16 0 0 0 0])
  ("packet_gen_rate" .
   [0 0 0 1 0 0 0 0 0 0 0 0 0 0 0])
  ("void" .
   [9 0 0 1])
  ("Source" .
   [3 0 1 0 0 0])
  ("pgen" .
   [0 0 1 1])
  ("printf" .
   [4 0 0 4 1 1])
  ("hello" .
   [10 0 1 1 3])
  ("INF" .
   [1 0 0])
  ("index" .
   [10 0 1 0 3])
  ("op_port" .
   [2 0 4 6 0 0 3])
  ("not" .
   [7 0 0])
  ("end" .
   [1 0 3])
  ("check" .
   [3 0 0 0 0])
  ("100" .
   [4 0 0])
  ("temp" .
   [10 0 0 0])
  ("RAND_MAX" .
   [0 0 5 0 0 0 0 0])
  ("FIN" .
   [1 0 0])
  ("lmin" .
   [3 0 0 0])
  ("char" .
   [4 0 0 0])
  ("rand" .
   [2 0 0 0])
  ("cap_used" .
   [1 0 0 4 2 0 0 2])
  ("NUM" .
   [3 0 0])
  ("fin_time_sender" .
   [0 0 0 1 1 0 0 0 0 0 0 0 0 0 0])
  ("NEW" .
   [1 0 0])
  ("NEXT" .
   [1 0 0 0])
  ("stats" .
   [11 0 0 1 30])
  ("stats_t" .
   [0 0 0 0 0 0 1])
  ("number_of_packets_generated" .
   [2 0 7 2 0 0 0 0 0 0 0 1 0 0 0 0 0 0 0 0 0 0 0 0 0 0 3])
  ("number_of_packets_sent" .
   [2 0 6 2 0 0 0 0 0 0 0 0 0 0 0 0 0 0 0 0 1 1])
  ("number_of_packets_dropped" .
   [0 0 1 1 0 0 0 0 0 0 0 0 0 1 0 1 1 1 1 0 0 0 0 0 0])
  ("no_packets_to_gen_this_ts" .
   [0 0 0 1 0 0 0 0 0 0 0 0 0 0 0 0 0 0 0 0 0 0 0 0 0])
  ("DC_" .
   [12 0 2])
  ("0" .
   [1])
  ("//bin/" .
   [0 0 2 0 0 0])
  ("Destination" .
   [2 0 0 3 0 0 0 0 0 0 1])
  ("totatsnt" .
   [0 0 1 0 0 1 0 0])
  ("temp1" .
   [5 0 0 0 0])
  ("total_" .
   [0 0 0 0 0 1])
  ("totalsnt" .
   [3 0 1 1 0 1 0 2])
  ("fi" .
   [2 0])
  ("totalsn" .
   [0 0 1 0 0 1 0])
  ("totalsntsq" .
   [2 0 0 1 0 0 0 1 0 0])
  ("END" .
   [1 0 0])
  ("temp2" .
   [2 0 0 0 0])
  ("total_ticks" .
   [0 0 1 1 1 0 0 0 0 0 0])
  ("total_delay_per_source" .
   [0 0 1 0 0 1 0 0 0 0 0 0 0 0 0 0 0 0 0 0 0 0])
  ("TW" .
   [2 0])
  ("alias" .
   [6 0 0 0 6])
  ("hemang" .
   [1 0 0 0 0 0])
  ("byte" .
   [1 0 0 0])
  ("balaji" .
   [2 0 0 0 2 1])
  ("word1" .
   [2 0 0 0 0])
  ("word2" .
   [2 0 0 0 0])
  ("sentence" .
   [0 0 0 0 0 1 0 0])
  ("add" .
   [3 0 0])
  ("auto-complete-mode" .
   [0 0 0 0 1 0 1 0 0 0 0 0 0 0 0 0 0 0])
  ("auto-complete" .
   [0 0 0 0 0 0 0 1 0 0 0 0 0])
  ("find-file-hook" .
   [0 0 0 0 0 0 0 0 0 0 0 0 0 2])
  ("lambda" .
   [0 0 0 1 0 2])
  ("color-theme-mode" .
   [0 0 0 1 0 0 0 0 0 0 0 0 0 0 0 0])
  ("add-hook" .
   [0 0 0 0 0 0 0 1])
  ("glyph-char" .
   [0 0 0 0 0 0 0 0 0 1])
  ("global-hl-line-mode" .
   [0 0 0 0 0 0 0 0 0 1 0 0 0 0 0 0 0 0 0])
  ("/var/" .
   [0 0 0 1 0])
  ("saravanan" .
   [1 0 1 0 1 0 0 0 0])
  ("PLACE" .
   [0 0 1 2 0])
  ("goto-line" .
   [0 0 2 0 0 1 0 0 1])
  ("find-file" .
   [0 0 0 1 0 0 0 0 0])
  ("find-grep" .
   [0 0 0 0 0 0 0 0 2])
  ("replace-string" .
   [0 0 0 0 1 0 0 0 0 0 0 0 0 0])
  ("f1" .
   [1 0])
  ("f9" .
   [1 0])
  ("global-" .
   [0 0 0 0 0 0 1])
  ("defun" .
   [0 0 0 0 1])
  ("interactive" .
   [0 0 0 0 0 0 0 0 0 0 1])
  ("192" .
   [1 0 0])
  ("168" .
   [1 0 0])
  ("the" .
   [2 0 0])
  ("WC" .
   [2 0])
  ("lines" .
   [2 0 0 0 0])
  ("count" .
   [1 0 0 0 0])
  ("Maybe" .
   [1 0 1 0 0])
  ("safeTail" .
   [0 0 0 0 0 0 1 0])
  ("null" .
   [2 0 0 0])
  ("Nothing" .
   [0 0 4 0 0 1 1])
  ("otherwise" .
   [0 0 1 0 1 0 0 0 0])
  ("Just" .
   [0 0 1 5])
  ("splitWith" .
   [0 0 0 4 0 0 0 0 0])
  ("Bool" .
   [4 0 1 0])
  ("type" .
   [2 0 0 0])
  ("False" .
   [2 0 0 0 1])
  ("True" .
   [6 0 2 0])
  ("tail" .
   [1 0 1 0])
  ("IntParse" .
   [0 0 0 2 0 0 0 0])
  ("loop" .
   [6 0 0 3])
  ("acc" .
   [16 0 0])
  ("String" .
   [6 0 0 6 0 3])
  ("Int" .
   [4 0 0])
  ("asInt" .
   [0 0 1 1 4])
  ("test" .
   [6 0 0 0])
  ("~/Pictures/calvinhobbes1.jpg" .
   [0 0 0 0 0 0 0 0 0 0 0 0 0 1 0 0 0 0 0 0 0 0 0 0 0 0 0 0])
  ("squareOne" .
   [0 0 0 0 0 0 0 1 0])
  ("x*x" .
   [1 0 0])
  ("fold" .
   [0 0 0 2])
  ("step" .
   [7 0 1 7])
  ("zero" .
   [4 0 2 1])
  ("foldl" .
   [0 0 1 0 5])
  ("where" .
   [6 0 0 0 0])
  ("ifconfig" .
   [1 0 0 0 0 0 0 0])
  ("mySum" .
   [0 0 1 0 0])
  ("compose" .
   [0 0 0 1 0 0 0])
  ("JNumber" .
   [1 0 0 0 1 1 0])
  ("getInt" .
   [0 0 0 0 2 0])
  ("getDouble" .
   [0 0 0 0 2 1 0 0 0])
  ("JBool" .
   [0 0 1 0 1])
  ("JObject" .
   [0 0 1 0 0 0 0])
  ("getObject" .
   [0 0 0 0 2 0 0 0 0])
  ("getArray" .
   [0 0 0 0 2 0 0 0])
  ("is" .
   [1 0])
  ("getBool" .
   [0 0 0 0 2 0 0])
  ("module" .
   [0 0 1 0 1 1])
  ("Main" .
   [1 0 0 0])
  ("renderJValue" .
   [0 0 1 0 0 0 0 1 0 0 0 1])
  ("JArray" .
   [1 0 0 0 0 0])
  ("values" .
   [0 0 0 2 0 0])
  ("intercalate" .
   [0 0 0 0 0 0 0 0 0 0 1])
  ("map" .
   [1 0 0])
  ("->" .
   [4 0])
  ("putJValue" .
   [0 0 0 1 0 0 0 0 0])
  ("camelCase" .
   [0 0 0 1 0 0 0 0 0])
  ("upcaseFirst" .
   [0 0 1 0 0 0 0 0 0 0 0])
  ("renderValue" .
   [0 0 0 5 0 0 0 0 0 0 0])
  ("text" .
   [1 0 2 1])
  ("num" .
   [2 0 0])
  ("str" .
   [3 0 0])
  ("enclose" .
   [0 0 0 2 1 0 0])
  ("Char" .
   [3 0 0 0])
  ("left" .
   [1 0 0 0])
  ("right" .
   [1 0 0 0 0])
  ("hcat" .
   [2 0 0 0])
  ("Color" .
   [1 0 0 1 3])
  ("colorEq" .
   [0 0 0 2 1 0 0])
  ("Red" .
   [0 0 2])
  ("Green" .
   [0 0 0 2 0])
  ("Blue" .
   [0 0 2 0])
  ("%ifconfig%" .
   [0 0 0 0 0 0 1 0 0 0])
  ("eip" .
   [1 0 0])
  ("read_value_at" .
   [0 0 1 1 0 0 0 0 0 0 0 0 0])
  ("dbg" .
   [1 0 0])
  ("Page" .
   [0 0 1 1])
  ("pde_t" .
   [0 0 0 0 1])
  ("pde" .
   [4 0 0])
  ("pgt" .
   [5 0 0])
  ("PTE_ADDR" .
   [0 0 0 0 2 0 0 0])
  ("KADDR" .
   [0 0 2 0 0])
  ("physaddr_t" .
   [0 0 0 3 0 0 0 0 0 0])
  ("PTX" .
   [2 0 0])
  ("create" .
   [0 0 0 1 0 0])
  ("page_alloc" .
   [0 0 0 0 1 0 0 0 0 0])
  ("pp" .
   [3 0])
  ("PTE_W" .
   [0 0 0 1 0])
  ("memset" .
   [0 0 0 1 0 1])
  ("page2kva" .
   [0 0 0 0 0 0 1 0])
  ("PGSIZE" .
   [0 0 0 2 0 0])
  ("comment-region" .
   [0 0 0 0 0 0 0 0 0 0 1 0 0 0])
  ("f2" .
   [1 0])
  ("uncomment-region" .
   [0 0 0 0 0 0 1 0 0 0 0 0 0 0 0 0])
  ("PTE" .
   [1 0 0])
  ("size_t" .
   [0 0 0 0 1 0])
  ("ROUNDUP" .
   [0 0 1 0 0 0 0])
  ("sizeof" .
   [0 0 0 0 2 1])
  ("Env" .
   [2 0 1])
  ("envs" .
   [8 0 1 0])
  ("boot_alloc" .
   [1 0 0 0 0 1 0 0 0 0])
  ("sizeof_envs" .
   [0 0 0 1 1 0 0 0 0 0 0])
  ("p" .
   [1])
  ("n" .
   [1])
  ("boot_map_region" .
   [0 0 0 0 0 0 0 1 0 0 0 0 0 0 0])
  ("kern_pgdir" .
   [0 0 0 1 0 0 0 0 0 0])
  ("UENVS" .
   [0 0 0 1 0])
  ("PADDR" .
   [0 0 1 0 0])
  ("PTE_U" .
   [0 0 0 2 0])
  ("just" .
   [1 0 0 0])
  ("-hda" .
   [2 0 0 0])
  ("obj/kern/kernel.img" .
   [0 0 1 1 0 0 0 0 0 0 0 0 0 0 0 0 0 0 0])
  ("using" .
   [2 0 0 0 2])
  ("namespace" .
   [0 0 0 2 2 0 0 0 0])
  ("/home/balaji/" .
   [0 0 0 0 0 0 0 7 1 0 0 0 1])
  ("/home/balaji/OperatingSystems/" .
   [0 0 0 0 0 0 0 0 0 0 0 0 0 0 1 0 0 0 0 0 0 0 0 0 0 0 0 0 0 0])
  ("/home/balaji/OperatingSystems/6.828/lab/" .
   [0 0 0 0 0 0 0 0 0 0 0 0 0 0 0 0 0 0 0 0 0 0 0 0 0 0 0 0 0 0 0 0 0 0 0 0 0 1 0 0])
  ("/home/balaji/myqemu/" .
   [0 0 0 0 0 0 0 0 0 0 0 0 0 0 0 2 0 0 0 0])
  ("/home/balaji/myqemu/bin/" .
   [0 0 0 0 0 0 0 0 0 0 0 0 0 0 0 0 0 0 0 0 2 8 1 0])
  ("/home/balaji/myqemu/bin/qemu" .
   [0 0 0 0 0 0 0 0 0 0 0 0 0 0 0 0 0 0 0 0 0 0 0 0 6 2 0 0])
  ("qemucommand" .
   [0 0 0 1 0 0 0 0 0 0 0])
  ("what" .
   [1 0 0 0])
  ("run" .
   [1 0 0])
  ("qemuopts" .
   [0 0 0 1 0 0 0 0])
  ("gcc34" .
   [1 0 0 0 0])
  ("-hdb" .
   [1 0 0 0])
  ("user/httpd" .
   [1 0 0 0 0 0 0 0 0 0])
  ("screen" .
   [1 0 0 0 0 0])
  ("system" .
   [1 0 0 0 0 0])
  ("cin" .
   [3 0 0])
  ("fact" .
   [2 0 0 0])
  ("getcash" .
   [4 0 0 2 0 0 5])
  ("balance" .
   [3 0 0 0 1 0 5])
  ("Getcash" .
   [0 0 0 0 0 0 1])
  ("shell-command-on-region" .
   [0 0 0 0 0 0 1 0 0 0 0 0 0 0 0 0 0 0 0 0 0 0 0])
  ("set-background-color" .
   [0 0 0 0 0 0 1 0 1 0 0 0 0 0 0 0 0 0 0 0])
  ("set-foreground-color" .
   [0 0 0 0 0 0 0 0 1 0 0 0 0 0 0 0 0 0 0 0])
  ("~/Pictures/" .
   [0 0 0 0 1 0 0 0 0 0 0])
  ("~/Pictures/scotland.jpg" .
   [0 0 0 0 0 0 0 0 0 0 0 0 1 0 0 0 0 0 0 0 0 0 0])
  ("recv_data" .
   [0 0 0 1 0 0 0 0 0])
  ("EFLAGS" .
   [0 0 3 0 0 0])
  ("red" .
   [1 0 0])))
